14524,0.0011733
3552,0.000195085
14,2.891e-06
51,7.177e-06
122,7.219e-06
1638,0.000137663
1251,9.3898e-05
2212,0.000120425
35,7.792e-06
3188,0.000164874
64,0.00111829
13770,0.00604445
122,0.00568431
34,0.000877045
75,0.00173886
102,0.00220036
114,0.00161359
111,0.000643168
1,5.7408e-05
5,0.000134687
273,8.7004e-05
97,5.0064e-05
2,1.5509e-05
0,1.0882e-05
0,8.561e-06
5,6.408e-06
1,2.473e-05
2,5.787e-06
39,4.4017e-05
0,1.3809e-05
10,0.00372878
13,0.00351334
0,0.00162989
4,0.0016053
8,0.00332873
8,0.00259532
11,0.00340958
10,0.00712018
0,7.9596e-05
0,0.000691414
199,2.115e-05
102,6.3153e-05
25,3.5411e-05
0,1.7266e-05
0,7.198e-06
0,2.896e-06
1,1.8118e-05
41,5.4345e-05
46,4.9091e-05
57,4.7241e-05
5,0.00384227
0,0.0115754
6,0.00497441
0,0.0024289
1,0.00094175
1,0.000587168
34,0.0133272
0,0.00234402
0,4.6906e-05
11,0.00223791
3020,0.00103515
373,0.000675238
131,0.000737321
0,0.000515238
0,6.0628e-05
315,0.000762754
0,0.00065047
515,0.000808111
0,0.000645213
400,0.000780253
0,1.7073e-05
0,4.986e-06
0,2.6442e-05
0,3.1622e-05
2,5.7432e-05
0,2.4122e-05
0,1.4768e-05
5,4.9031e-05
38,9.4376e-05
4,6.6613e-05
0,6.6955e-05
65,0.00058494
111,0.000715265
810,0.000255665
589,0.000768282
0,6.85e-05
281,0.000815259
504,0.00079901
183,0.000753002
163,0.000667675
0,3.2695e-05
0,1.7339e-05
0,3.2445e-05
0,0.000275556
0,2.6697e-05
0,3.3013e-05
7,0.000149247
38,0.000293202
0,4.4758e-05
0,3.2303e-05
8,9.7636e-05
131,0.000133149
93,0.000179901
8,9.6265e-05
43,1.8129e-05
8,0.000158827
15,0.000148287
17,2.9409e-05
131,0.000146219
8,9.6489e-05
