2 8
0 0 32 33 34 35 36 37 38 39 40 41 42 43 44 45 46 47 48 49 232 233 234 235 236 237 238 239 240 241 242 243 244 245 246 247 248 249 250 251 252 253 254 255 256 257 258 259 260 261 262 263 264 265 266 267 268 269 270 271 272 273 559 560 561 562 563 564 565 566 567 568 569 570 571 572 573 574 575 576 577 578 579 580 581 582 583 584 585 586 587 588 589 590 591 592 593 816 817 818 819 820 821 822 823 824 825 826 827 828 829 830 831 832 977 978 979 980 981 982 983 984 985 986 1059 1060 1061 1062 1063 1091 1092 1093 1094 1121 
1 1 50 51 52 53 54 55 56 57 58 59 60 61 62 63 64 65 66 274 275 276 277 278 279 280 281 282 283 284 285 286 287 288 289 290 291 292 293 294 295 296 297 298 299 300 301 302 303 304 305 306 307 308 309 310 311 312 313 314 315 316 317 594 595 596 597 598 599 600 601 602 603 604 605 606 607 608 609 610 611 612 613 614 615 616 617 618 619 620 621 622 623 624 625 626 627 628 629 630 631 632 633 634 635 636 637 638 833 834 835 836 837 838 839 840 841 842 843 844 845 846 847 848 849 850 851 852 853 854 855 856 857 858 859 860 861 862 863 864 865 866 867 868 869 870 871 987 988 989 990 991 992 993 994 995 996 997 998 999 1000 1001 1002 1003 1004 1005 1006 1007 1008 1009 1010 1059 1064 1065 1066 1067 1068 1069 1070 1071 1072 1073 1074 1095 1096 1097 1098 1099 
2 2 67 68 69 70 71 72 73 74 75 76 77 78 79 80 81 82 83 318 319 320 321 322 323 324 325 326 327 328 329 330 331 332 333 334 335 336 337 338 339 340 341 342 343 344 345 346 347 348 349 350 351 352 353 354 355 356 357 358 359 360 361 362 363 364 365 639 640 641 642 643 644 645 646 647 648 649 650 651 652 653 654 655 656 657 658 659 660 661 662 663 664 665 666 667 668 669 670 671 672 673 674 675 676 677 678 679 680 681 682 683 684 685 686 687 872 873 874 875 876 877 878 879 880 881 882 883 884 885 886 887 888 889 890 891 892 893 894 895 896 897 898 899 900 901 902 903 904 905 906 907 908 909 910 911 912 913 1011 1012 1013 1014 1015 1016 1017 1018 1019 1020 1021 1022 1023 1024 1025 1026 1027 1028 1029 1030 1031 1075 1076 1077 1078 1079 1080 1081 1091 1100 1101 1102 1103 1104 1105 1106 1107 1108 1115 1116 
3 3 84 85 86 87 88 89 90 366 688 914 915 916 
4 4 32 50 67 91 92 93 94 95 96 97 232 233 234 274 275 276 277 318 319 320 321 367 368 369 370 371 372 373 374 375 559 560 561 562 594 595 596 597 598 599 639 640 641 642 689 690 691 692 693 816 872 873 874 875 876 877 878 879 917 918 919 920 977 978 979 987 988 989 1011 1012 1013 1014 1060 1064 1065 1075 1100 1109 
5 5 33 51 68 84 98 99 100 101 102 103 104 105 106 107 108 109 110 111 235 236 237 238 278 279 280 281 322 323 324 376 377 378 379 380 381 382 383 384 385 386 387 388 563 564 565 600 601 602 603 643 644 645 646 688 689 694 695 696 697 698 699 700 701 702 817 818 833 834 880 881 882 883 884 914 921 922 923 924 980 981 982 990 991 1015 1016 1017 1061 1066 1067 1095 1110 
6 6 34 52 69 112 113 114 115 116 239 240 241 282 325 326 327 328 329 330 331 332 389 390 391 392 393 394 395 396 397 398 399 400 566 567 568 569 570 571 572 604 605 606 607 608 647 648 649 650 651 652 653 654 703 704 705 706 707 708 709 710 819 820 821 835 836 837 838 885 886 887 917 925 926 927 983 984 985 992 993 1018 1019 1020 1021 1022 1023 1032 1062 1068 1076 1077 1092 1101 1102 1103 1104 
7 7 53 85 117 118 119 283 284 401 711 712 839 840 
8 8 35 54 70 120 121 122 123 124 125 126 127 128 129 130 131 132 235 239 242 243 244 245 246 247 248 285 286 325 333 334 335 367 368 389 402 403 404 405 406 407 408 409 410 411 412 413 414 415 416 417 418 419 420 421 559 560 566 567 573 574 575 576 577 578 579 580 609 643 647 655 713 714 715 716 717 718 719 720 721 722 723 724 725 817 822 823 841 842 872 885 888 889 918 919 928 929 930 931 932 977 980 983 1011 1015 1018 1024 1033 1034 1035 1036 1037 1038 1039 1040 1041 1042 1060 1062 1063 1076 1078 1082 1083 1084 1092 1093 1096 1101 1102 1109 1110 1117 1120 1121 1122 
9 9 36 55 71 98 117 120 133 134 135 136 137 138 139 140 141 142 143 144 145 242 249 250 251 287 288 289 290 291 292 326 336 337 376 377 390 401 402 422 423 424 425 426 427 428 429 430 431 432 433 434 435 436 437 438 439 440 441 442 443 444 445 446 447 563 581 582 594 600 610 611 612 613 614 615 616 656 657 658 659 660 694 695 696 697 703 713 726 727 728 729 730 731 732 733 734 735 736 737 738 739 740 741 742 743 744 745 746 822 824 825 835 836 839 841 843 844 845 846 847 848 849 850 851 852 873 880 888 890 891 892 893 915 921 925 933 934 935 936 937 938 939 940 941 942 943 944 945 946 981 987 988 990 992 994 995 996 997 998 999 1000 1001 1012 1015 1025 1043 1044 1045 1046 1059 1064 1069 1070 1071 1079 1080 1085 1086 1087 1088 1091 1096 1097 1103 1105 1106 1107 1108 1111 1112 1115 1117 1118 1119 1120 1121 1122 
10 10 37 56 72 91 118 121 133 146 147 148 149 150 151 152 153 154 155 156 157 158 243 249 252 253 287 293 294 327 338 339 340 341 369 391 392 403 404 422 423 424 425 426 448 449 450 451 452 453 454 455 456 457 458 459 460 461 462 463 464 465 466 467 468 469 470 471 573 583 584 585 617 618 639 648 656 657 661 662 663 664 665 666 667 668 669 690 691 698 704 714 715 726 727 728 729 747 748 749 750 751 752 753 754 755 756 757 758 759 760 761 818 819 826 827 843 844 845 853 854 855 856 873 874 875 881 890 894 895 896 897 898 899 900 901 920 928 933 934 935 936 947 948 949 950 951 952 953 954 955 956 957 958 959 960 984 994 1002 1003 1011 1013 1014 1016 1019 1020 1021 1025 1026 1027 1028 1033 1034 1035 1047 1048 1049 1050 1051 1052 1062 1072 1075 1078 1079 1081 1082 1083 1085 1086 1087 1089 1093 1094 1097 1098 1100 1103 1105 1106 1109 1110 1111 1112 1113 1114 1115 1116 1117 1118 1119 1120 1121 1122 
11 11 159 160 254 
12 12 13 38 57 73 92 99 112 122 123 134 135 146 147 161 162 163 164 165 166 167 168 169 170 171 172 173 236 244 252 255 256 274 293 295 338 342 343 369 370 371 378 379 389 391 393 394 405 406 407 408 409 410 411 427 428 429 430 431 432 433 448 449 450 451 452 453 472 473 474 475 476 477 478 479 480 481 482 483 484 485 486 487 488 489 559 568 574 575 586 587 588 589 604 619 620 621 644 649 658 661 662 670 671 692 698 699 705 706 707 716 717 718 719 720 726 730 731 732 733 734 735 747 748 749 750 751 752 753 762 763 764 765 766 767 768 769 770 771 772 773 774 775 819 820 823 826 827 828 829 835 836 840 843 846 847 872 874 876 881 885 886 889 890 891 894 895 896 897 898 902 903 914 917 918 919 920 921 925 926 927 928 929 930 931 933 937 938 939 940 941 947 948 949 950 951 952 953 954 955 961 962 963 964 965 966 967 968 969 970 971 978 980 981 983 984 985 987 993 995 996 1002 1004 1005 1012 1013 1014 1015 1016 1017 1018 1019 1020 1022 1023 1024 1025 1026 1029 1030 1032 1033 1034 1036 1037 1038 1039 1040 1041 1042 1043 1044 1045 1047 1048 1049 1050 1051 1052 1053 1054 1055 1060 1061 1062 1063 1064 1065 1066 1068 1069 1070 1072 1073 1075 1076 1077 1078 1082 1083 1084 1085 1088 1089 1090 1091 1092 1093 1094 1095 1098 1099 1100 1101 1102 1103 1104 1105 1106 1107 1109 1110 1111 1112 1113 1114 1115 1116 1117 1118 1119 1120 1121 1122 
16 14 39 58 74 100 124 136 148 161 174 175 176 177 178 179 180 181 182 255 257 258 259 278 296 297 298 318 336 344 345 346 372 380 395 405 412 413 414 434 435 454 455 472 473 490 491 492 493 494 495 496 497 498 499 500 501 502 503 504 505 506 507 573 576 583 586 590 622 623 640 645 663 672 673 721 722 736 747 762 763 776 777 778 779 780 781 782 783 784 785 786 787 824 830 833 853 857 858 859 894 902 904 921 922 923 924 926 947 956 961 972 979 982 983 1006 1007 1019 1022 1033 1036 1037 1038 1043 1047 1056 1057 1058 1061 1063 1065 1066 1078 1082 1091 1098 1099 1104 1111 1116 1117 1120 1121 1122 
17 15 40 59 75 93 101 113 119 137 149 162 174 183 184 185 186 187 188 189 190 250 260 261 262 279 283 288 295 296 299 300 301 302 303 304 305 306 347 348 349 376 381 382 396 406 415 416 422 427 436 437 456 457 458 474 475 490 491 492 493 494 508 509 510 511 512 513 514 515 516 517 518 519 520 521 522 523 569 577 590 594 595 596 601 605 610 611 612 613 617 619 622 624 625 626 627 628 629 630 646 655 656 674 675 676 677 678 679 694 700 708 711 713 714 723 727 728 730 737 738 739 740 741 754 764 776 777 778 779 780 788 789 790 791 792 793 794 795 796 797 798 799 800 801 825 831 833 834 837 839 840 841 848 849 850 853 854 857 858 859 860 861 862 863 864 865 866 867 868 877 880 891 892 905 906 907 908 909 910 918 937 942 943 944 945 957 962 963 964 965 966 973 986 988 989 990 991 993 994 995 997 998 999 1000 1003 1004 1005 1006 1008 1009 1010 1027 1029 1031 1032 1035 1036 1039 1044 1046 1053 1054 1056 1066 1067 1069 1070 1071 1074 1077 1080 1081 1086 1087 1088 1090 1095 1096 1097 1099 1100 1101 1107 1108 1112 1113 1114 1115 1118 1119 1122 
18 16 41 60 76 102 125 138 150 163 175 183 191 192 193 194 195 196 197 198 253 257 263 264 265 275 285 289 299 307 308 309 310 319 322 328 333 339 344 347 350 351 352 353 354 355 373 381 383 397 415 417 423 438 439 440 456 459 460 461 462 463 476 477 490 495 496 497 498 508 509 510 511 512 524 525 526 527 528 529 530 531 532 533 534 535 570 581 583 602 606 610 614 618 623 624 625 631 632 633 634 659 661 664 665 666 674 675 680 681 682 705 716 731 736 737 738 742 743 755 756 757 758 765 766 767 776 777 778 781 782 783 788 789 790 791 792 793 802 803 804 805 806 807 808 820 824 831 834 844 851 854 855 856 857 860 861 862 863 869 870 876 878 889 893 895 899 904 905 906 907 908 909 911 912 922 929 934 942 943 946 948 949 950 958 959 962 967 968 969 973 974 975 976 986 991 994 997 1003 1004 1006 1007 1008 1009 1013 1017 1023 1026 1028 1030 1031 1035 1036 1037 1040 1048 1049 1050 1053 1054 1057 1058 1067 1068 1072 1073 1074 1077 1078 1079 1081 1085 1086 1089 1090 1093 1095 1097 1098 1099 1105 1107 1108 1109 1111 1113 1114 1115 1116 1120 1121 
19 17 42 61 77 94 103 126 139 151 164 176 184 191 199 200 201 202 203 204 205 266 267 280 290 300 307 311 312 329 350 356 384 398 416 428 441 442 448 459 464 478 495 499 500 513 514 524 525 526 536 537 538 539 540 541 542 543 561 578 597 607 615 626 635 636 650 658 667 668 670 683 724 729 744 754 755 759 788 789 794 795 796 797 802 809 810 811 812 826 832 842 864 871 877 878 900 905 910 913 932 935 944 963 970 972 974 992 998 1001 1010 1020 1026 1046 1055 1057 1067 1071 1084 1087 1094 1104 1113 1114 1118 
21 18 19 43 62 78 95 104 114 127 140 152 165 166 177 178 185 186 192 193 199 200 206 207 208 209 210 211 212 232 237 245 258 260 263 266 268 269 276 281 282 291 294 297 301 308 311 313 314 315 320 323 330 345 348 351 357 358 359 360 367 370 372 373 374 377 378 380 382 383 384 385 390 393 395 396 397 399 407 408 412 417 418 419 424 429 434 436 438 441 443 444 445 449 450 454 457 460 464 465 466 467 468 472 473 474 475 476 477 478 479 480 481 482 483 484 491 492 496 499 501 502 503 504 505 506 508 509 513 515 516 517 518 519 524 527 528 529 530 531 536 537 538 539 544 545 546 547 548 549 550 551 552 553 560 562 564 566 568 569 570 574 579 580 581 582 584 586 587 588 591 592 593 595 598 599 600 601 602 604 605 607 608 609 611 619 620 622 623 624 626 627 628 631 632 633 635 637 640 641 644 645 646 648 649 650 651 652 655 657 662 664 667 670 671 672 673 676 677 680 681 682 683 684 685 686 689 690 692 693 694 695 696 698 699 700 701 703 704 705 706 709 710 716 717 718 719 721 722 723 724 725 726 729 730 731 732 737 739 740 742 745 746 747 748 749 750 754 755 756 757 758 759 760 761 762 763 764 765 766 767 768 769 770 771 772 773 774 776 779 781 782 783 784 785 786 787 788 790 791 794 795 798 799 800 801 803 804 805 806 807 809 810 811 813 814 815 816 817 818 820 821 825 828 830 831 833 834 835 837 838 842 843 845 846 848 849 855 856 857 858 860 861 862 865 866 867 869 870 871 872 876 877 879 880 882 883 885 886 887 888 889 890 893 894 895 896 897 899 900 901 902 903 904 905 906 907 908 910 911 912 917 918 921 922 923 924 925 926 927 928 929 930 931 933 937 938 939 940 941 942 944 945 946 947 948 949 950 951 952 953 954 956 957 958 959 960 961 962 963 964 965 966 967 968 969 970 971 972 973 974 975 976 977 978 979 981 982 983 984 985 986 988 989 990 993 995 996 998 999 1000 1001 1002 1004 1005 1006 1007 1008 1009 1012 1013 1014 1015 1017 1018 1019 1020 1021 1022 1023 1024 1026 1027 1028 1029 1030 1031 1032 1033 1034 1036 1037 1038 1039 1040 1041 1043 1044 1045 1046 1047 1048 1049 1050 1051 1052 1053 1054 1055 1056 1057 1058 1059 1060 1061 1062 1063 1064 1065 1066 1067 1069 1071 1072 1073 1074 1075 1076 1077 1079 1080 1081 1082 1083 1084 1085 1086 1087 1088 1089 1090 1091 1092 1093 1094 1095 1096 1097 1098 1099 1100 1101 1102 1103 1104 1105 1106 1107 1108 1109 1110 1111 1112 1113 1114 1116 1117 1118 1119 1120 1121 1122 
24 20 44 63 79 86 96 105 128 141 153 167 179 187 194 201 206 213 214 215 216 217 218 233 240 246 254 256 259 264 267 268 270 271 272 302 324 334 340 346 352 357 361 362 368 375 403 409 413 418 420 435 443 451 461 465 469 470 479 485 486 493 501 510 515 525 527 532 536 540 544 545 546 554 555 567 571 576 578 579 584 587 590 591 592 617 653 672 684 687 691 709 714 715 733 760 768 769 775 777 781 784 785 794 798 799 803 804 809 813 814 816 819 821 822 823 826 827 828 829 830 832 841 860 871 878 879 882 906 923 927 930 932 938 948 951 952 958 960 967 975 979 980 986 1011 1016 1018 1021 1024 1030 1037 1038 1039 1040 1041 1042 1045 1048 1051 1053 1055 1058 1059 1060 1061 1063 1065 1073 1076 1078 1082 1083 1090 1091 1092 1093 1094 1102 1105 1108 1109 1110 1116 1117 1120 1121 1122 
25 21 45 64 80 106 115 129 142 154 159 168 180 188 195 202 207 213 219 220 221 222 223 224 251 269 284 286 292 298 303 309 312 313 316 342 353 358 363 392 425 437 439 442 444 446 447 458 462 466 480 494 497 502 511 514 516 520 521 526 528 532 533 534 537 541 542 547 548 549 550 556 557 565 577 582 598 606 608 609 612 614 615 616 618 621 625 627 629 631 634 635 636 638 643 660 665 674 676 678 680 685 695 700 701 708 711 712 713 724 727 732 734 736 738 739 741 743 744 745 746 756 762 770 771 780 786 790 792 793 796 798 800 801 805 806 808 810 812 813 815 824 825 838 839 842 844 845 846 847 848 850 851 852 853 855 861 863 864 865 866 868 869 874 875 884 888 892 893 900 907 909 911 913 915 920 924 934 935 936 939 940 942 943 944 949 957 964 973 976 982 986 987 989 990 991 992 993 994 995 996 997 998 999 1001 1003 1005 1006 1007 1008 1010 1029 1031 1032 1035 1044 1045 1046 1052 1056 1064 1068 1069 1070 1071 1072 1073 1074 1079 1080 1086 1087 1089 1095 1096 1097 1099 1105 1106 1107 1108 1111 1112 1113 1115 1118 1119 1122 
26 22 46 65 81 107 130 143 155 169 181 189 196 203 208 214 219 225 226 227 238 241 247 261 265 270 273 277 304 310 314 317 331 335 337 341 343 349 354 356 359 361 364 386 400 404 414 421 426 430 440 446 452 455 463 467 469 471 481 487 488 498 500 503 507 512 517 520 522 529 533 535 538 540 541 543 544 547 551 552 554 555 556 558 572 585 589 591 593 597 603 629 630 632 634 637 638 639 641 642 647 651 654 659 660 663 666 668 669 678 679 681 683 685 686 687 693 707 710 717 721 725 728 743 745 748 751 752 757 759 761 765 772 773 778 782 787 789 791 792 797 800 802 805 807 808 811 812 814 815 822 823 829 830 831 832 837 849 852 854 856 859 863 864 865 867 868 870 871 873 883 884 886 887 896 898 899 901 903 908 909 911 912 913 919 926 931 932 934 936 941 943 945 946 953 954 955 956 957 958 959 960 961 965 966 968 969 970 971 972 974 975 976 977 978 985 999 1000 1002 1003 1007 1008 1009 1010 1017 1025 1027 1028 1030 1031 1034 1035 1041 1042 1043 1047 1048 1049 1050 1051 1052 1054 1055 1056 1057 1058 1059 1067 1068 1070 1072 1074 1075 1079 1080 1081 1083 1084 1085 1086 1087 1089 1090 1092 1093 1094 1096 1097 1098 1099 1100 1101 1102 1103 1104 1106 1108 1110 1111 1112 1114 1115 1116 1117 1118 1119 1120 1121 1122 
27 23 47 82 131 144 156 170 197 204 209 215 220 225 271 305 321 504 558 
30 24 25 48 66 83 97 108 116 132 145 157 160 171 172 182 190 198 205 210 211 216 217 221 222 226 227 234 248 262 272 273 306 315 316 317 332 360 362 363 364 366 371 374 375 379 385 386 387 394 399 400 401 410 419 420 421 431 432 445 447 453 468 470 471 482 483 485 486 487 488 489 505 506 507 518 519 521 522 523 530 531 534 535 539 542 543 545 546 548 549 551 552 553 554 555 557 558 561 562 563 564 565 571 572 575 580 585 588 589 592 593 596 599 603 613 616 620 621 628 630 633 636 637 638 642 652 653 654 669 671 673 675 677 679 682 684 686 687 689 690 691 692 693 697 699 701 702 703 704 706 707 708 709 710 711 712 715 718 719 720 722 723 725 733 734 740 741 742 744 746 749 750 751 752 753 758 760 761 763 764 766 767 768 769 770 771 772 773 774 775 779 780 783 784 785 786 787 793 795 796 797 799 801 802 803 804 806 807 808 809 810 811 812 813 814 815 816 817 818 821 827 828 829 832 836 838 840 847 850 851 852 858 859 862 866 867 868 869 870 875 879 881 882 883 884 887 891 892 897 898 901 902 903 904 910 912 913 914 915 916 917 919 920 922 923 924 925 927 928 929 930 931 932 933 935 936 937 938 939 940 941 945 946 947 950 951 952 953 954 955 956 959 960 961 962 963 964 965 966 967 968 969 970 971 972 973 974 975 976 977 978 979 980 981 982 984 985 987 988 989 991 992 996 997 1000 1001 1002 1004 1005 1009 1010 1011 1012 1014 1016 1021 1022 1023 1024 1025 1027 1028 1029 1032 1033 1034 1038 1039 1040 1041 1042 1043 1044 1045 1046 1047 1049 1050 1051 1052 1053 1054 1055 1056 1057 1058 1059 1060 1061 1062 1063 1064 1065 1066 1068 1069 1070 1071 1073 1074 1075 1076 1077 1080 1081 1082 1083 1084 1085 1088 1089 1090 1091 1092 1094 1095 1096 1098 1100 1101 1102 1103 1104 1106 1107 1109 1110 1112 1113 1114 1115 1116 1117 1118 1119 1120 1121 1122 
32 26 49 87 109 158 228 229 366 398 688 697 702 914 916 
33 27 88 110 223 230 365 388 433 688 696 735 915 916 1088 
34 28 89 111 218 224 228 230 355 365 387 388 402 523 550 556 702 735 
35 29 90 229 231 
39 30 31 173 212 231 411 484 489 553 557 712 720 753 774 775 916 955 971 1042 1084 1088 1119 
